10 73 0
15 84 1
1 73 2
x
x
12 96 5
x
0 66 7
0 68 8
x
11 46 10
14 80 11
x
14 14 13
2 80 14
5 0 15
5 11 16
x
7 64 18
5 68 19
1 86 20
x
x
2 74 23
14 54 24
2 79 25
x
x
6 82 28
13 47 29
13 72 30
11 10 31
7 4 32
x
1 16 34
9 0 35
x
x
x
x
x
0 26 41
15 55 42
14 92 43
4 0 44
7 92 4
3 76 42
x
x
3 0 39
0 90 21
8 99 22
0 20 19
x
8 31 6
x
7 44 36
11 36 16
0 99 25
1 28 44
4 29 37
13 20 12
13 16 38
12 27 9
12 34 15
11 5 32
0 79 11
9 43 22
x
0 57 0
12 46 26
x
14 21 40
x
x
10 62 27
14 76 9
2 4 12
10 53 13
12 4 25
12 28 2
15 68 7
x
5 16 4
13 75 17
x
1 9 29
x
x
1 68 35
13 21 6
0 22 20
11 31 33
13 7 19
2 57 1
4 72 12
x
14 99 31
x
12 74 8
10 42 10
13 67 39
3 95 31
14 89 3
x
7 88 17
4 36 27
12 13 43
x
6 22 5
0 16 9
x
x
6 8 24
3 41 26
14 39 15
1 97 40
9 16 4
x
3 19 1
5 84 0
x
13 12 32
3 58 3
0 11 38
2 43 42
1 45 20
x
13 89 2
4 57 7
x
5 99 25
2 9 16
6 41 39
0 82 12
2 89 11
0 84 15
1 22 40
x
8 53 10
6 94 30
14 6 41
x
x
9 48 25
10 91 14
12 42 21
5 98 23
15 29 20
6 43 27
15 75 13
13 4 34
x
0 63 6
4 64 28
x
x
13 61 33
6 2 40
x
13 18 37
5 56 42
x
8 5 7
0 31 32
8 13 39
14 37 43
x
1 49 13
12 18 30
14 46 36
10 75 18
6 30 22
6 81 44
x
15 65 15
7 49 41
x
11 93 20
6 59 12
10 4 17
0 33 4
6 34 19
0 23 30
4 60 33
10 18 43
x
7 35 34
8 0 37
x
x
x
x
4 82 29
10 31 15
10 70 35
12 61 9
13 28 23
7 27 2
13 0 11
12 12 21
4 90 8
13 84 22
9 24 32
15 78 36
10 44 31
x
10 63 15
10 37 24
x
11 9 21
x
x
x
x
0 0 3
4 86 6
15 24 38
x
2 18 5
5 20 40
13 94 10
1 0 26
x
x
9 58 1
5 18 9
x
10 87 44
0 19 13
x
15 99 25
1 79 31
7 8 7
5 22 18
x
5 50 14
x
11 60 28
14 96 27
7 98 43
3 24 37
x
2 49 36
4 10 30
6 71 16
x
15 45 0
14 59 33
15 50 41
3 8 13
0 38 18
12 10 11
x
1 67 40
x
11 70 6
5 30 17
x
x
8 49 15
4 45 39
8 45 9
x
5 23 27
4 34 35
8 80 24
9 95 34
5 90 3
14 74 32
x
7 63 43
x
11 68 42
2 5 7
14 3 38
x
x
8 65 22
1 77 25
7 17 11
2 71 37
6 64 23
9 35 18
x
0 62 2
3 26 8
x
x
7 43 4
1 33 5
5 89 1
5 39 10
12 16 12
10 24 41
2 92 22
10 13 40
7 0 21
15 9 35
6 87 20
15 97 42
x
11 0 27
x
6 76 29
9 80 37
3 67 38
7 39 3
9 75 6
5 95 4
3 3 19
x
5 61 16
15 57 32
3 86 43
2 85 2
10 67 24
x
x
x
8 38 26
1 13 33
1 62 15
x
10 32 9
4 53 44
1 99 34
13 63 12
x
7 54 25
12 65 18
15 36 31
2 38 40
8 77 43
12 59 42
13 56 14
1 42 36
10 0 20
x
4 88 0
9 4 28
12 57 39
x
x
7 71 30
x
7 85 32
1 18 35
14 9 16
5 48 23
6 56 1
x
1 4 27
12 63 17
0 43 42
4 50 24
15 60 34
x
11 41 13
12 78 4
8 43 25
11 55 41
11 35 7
10 60 11
x
14 44 35
10 49 39
6 67 31
5 78 6
4 94 21
6 69 43
0 74 10
x
12 0 0
2 24 9
11 90 29
3 13 12
9 83 7
15 54 8
x
5 64 18
1 91 32
12 19 35
8 3 33
2 62 6
x
3 29 25
4 5 20
x
7 10 8
8 68 11
x
15 32 3
4 98 36
6 97 38
x
6 86 2
x
x
14 51 34
x
9 28 5
x
x
13 49 44
x
x
x
10 40 16
1 35 14
1 40 28
10 96 36
11 28 37
x
10 27 30
x
9 90 29
11 3 2
9 12 33
8 58 0
8 72 42
7 58 40
11 98 7
8 62 13
x
x
11 51 12
11 79 1
4 77 34
1 89 19
1 83 3
14 64 17
1 12 31
0 94 22
4 16 43
1 55 24
15 14 39
x
7 24 15
8 9 16
3 38 21
x
x
10 55 38
x
1 60 18
14 69 4
x
12 49 36
x
x
15 40 44
2 14 28
7 68 31
12 3 22
9 94 41
0 95 23
15 98 27
1 19 37
x
14 28 26
14 83 18
14 90 30
5 63 22
8 84 27
4 68 41
9 57 8
x
x
x
6 53 25
x
x
x
x
6 52 20
x
x
15 2 15
4 15 29
4 74 32
3 88 10
x
2 97 33
4 49 0
12 83 7
0 87 17
11 50 11
7 14 22
5 8 2
x
x
7 20 39
13 52 9
6 89 35
3 80 15
3 73 20
11 84 3
6 48 6
13 98 29
11 15 4
14 41 1
11 65 21
9 66 36
4 59 11
1 98 42
15 77 12
8 34 44
13 69 0
12 54 30
x
15 93 5
8 22 19
11 18 40
9 33 31
5 54 12
x
13 79 25
9 8 21
5 69 13
7 76 14
8 27 38
2 72 8
x
3 87 27
12 8 4
1 96 18
x
8 21 42
6 80 11
15 0 29
13 45 43
0 2 39
x
x
10 83 23
7 6 37
11 52 34
3 74 41
14 50 20
6 0 32
7 95 1
x
x
15 73 30
x
x
x
7 56 10
5 5 11
x
x
2 45 12
15 19 28
3 83 4
x
14 88 20
5 25 36
0 52 43
0 98 24
8 66 29
12 31 22
x
x
x
6 27 33
9 98 2
2 66 17
x
6 55 30
7 81 20
11 89 26
5 45 7
14 17 37
8 92 12
5 12 35
6 17 9
x
13 33 24
x
x
x
x
2 33 18
12 70 27
6 38 41
2 0 0
2 21 30
13 36 31
x
x
13 40 42
5 74 15
x
x
x
15 43 6
x
2 54 29
x
6 96 3
5 93 38
4 1 5
14 32 21
x
1 75 22
15 89 40
0 59 1
x
8 17 23
2 29 34
9 53 3
11 23 19
12 24 24
x
0 85 16
x
x
x
6 13 26
x
7 22 44
14 68 39
5 49 25
10 9 8